3.909323930740356445e+00 1.984245181083679199e-01
4.951642990112304688e+00 2.850496470928192139e-01
5.710141658782958984e+00 4.069921672344207764e-01
5.889270782470703125e+00 4.571152329444885254e-01
5.146254539489746094e+00 4.870870709419250488e-01
4.966362953186035156e+00 4.369922578334808350e-01
5.081090450286865234e+00 5.974631309509277344e-01
4.310867786407470703e+00 5.194212198257446289e-01
5.303215026855468750e+00 6.060452461242675781e-01
3.594393968582153320e+00 5.546560287475585938e-01
4.627046108245849609e+00 6.021904945373535156e-01
3.452606916427612305e+00 6.096587181091308594e-01
3.394330263137817383e+00 6.764325499534606934e-01
3.941523551940917969e+00 6.113862395286560059e-01
4.082878112792968750e+00 6.584278941154479980e-01
2.382131099700927734e+00 6.420006155967712402e-01
3.238477230072021484e+00 7.044169306755065918e-01
3.822363853454589844e+00 7.090370655059814453e-01
2.439873933792114258e+00 7.255801558494567871e-01
3.390797376632690430e+00 6.973083019256591797e-01
2.833289623260498047e+00 7.169748544692993164e-01
3.275842189788818359e+00 7.857484221458435059e-01
2.728253602981567383e+00 6.887089610099792480e-01
2.499840259552001953e+00 7.568055987358093262e-01
4.248825550079345703e+00 7.994970679283142090e-01
2.762383937835693359e+00 8.136094212532043457e-01
4.943184852600097656e+00 8.694872260093688965e-01
3.345601797103881836e+00 8.250489234924316406e-01
3.491252422332763672e+00 8.538195490837097168e-01
3.594589471817016602e+00 7.353367209434509277e-01
3.062114953994750977e+00 8.100827336311340332e-01
4.077920436859130859e+00 7.575591206550598145e-01
4.232717037200927734e+00 7.376090884208679199e-01
3.267751216888427734e+00 8.961462378501892090e-01
4.468619346618652344e+00 8.726572394371032715e-01
3.578331232070922852e+00 8.323577046394348145e-01
2.452922582626342773e+00 9.278662800788879395e-01
2.603200674057006836e+00 8.092214465141296387e-01
6.553215026855468750e+00 8.734247088432312012e-01
3.143763542175292969e+00 8.366916775703430176e-01
3.558660984039306641e+00 7.471992969512939453e-01
3.744635343551635742e+00 7.538052797317504883e-01
2.258048534393310547e+00 9.439825415611267090e-01
3.297555923461914062e+00 8.460347056388854980e-01
3.935455799102783203e+00 8.493110537528991699e-01
3.578561782836914062e+00 7.331027388572692871e-01
3.556627035140991211e+00 8.368688821792602539e-01
2.283739805221557617e+00 9.064294695854187012e-01
2.442570447921752930e+00 8.796834945678710938e-01
2.769018650054931641e+00 7.771496176719665527e-01
2.935331106185913086e+00 7.076691389083862305e-01
4.319303035736083984e+00 8.894885182380676270e-01
2.361582517623901367e+00 8.736457824707031250e-01
2.557737827301025391e+00 9.136278033256530762e-01
3.565101146697998047e+00 8.949534296989440918e-01
1.580554723739624023e+00 8.905958533287048340e-01
3.478618860244750977e+00 8.577869534492492676e-01
2.400840997695922852e+00 8.089580535888671875e-01
2.712172269821166992e+00 8.765619397163391113e-01
3.359944105148315430e+00 8.406457304954528809e-01
3.848922014236450195e+00 9.301536679267883301e-01
5.600410461425781250e+00 8.441125750541687012e-01
2.815371274948120117e+00 7.593239545822143555e-01
2.443107128143310547e+00 9.006008505821228027e-01
2.212310075759887695e+00 9.045656323432922363e-01
2.864485740661621094e+00 8.625631332397460938e-01
2.419384717941284180e+00 9.238113760948181152e-01
3.779188632965087891e+00 7.478092908859252930e-01
2.753773212432861328e+00 9.441165924072265625e-01
3.987682819366455078e+00 8.804136514663696289e-01
5.009579181671142578e+00 7.388200163841247559e-01
2.659251689910888672e+00 8.562774658203125000e-01
1.625354051589965820e+00 9.437323808670043945e-01
2.130272865295410156e+00 8.722704052925109863e-01
2.357501029968261719e+00 9.525508880615234375e-01
2.776915311813354492e+00 8.416838645935058594e-01
2.862892866134643555e+00 8.045490384101867676e-01
2.819814682006835938e+00 8.326058387756347656e-01
1.794384241104125977e+00 9.288282394409179688e-01
2.699769258499145508e+00 9.333598017692565918e-01
2.530496358871459961e+00 7.669351696968078613e-01
2.797756910324096680e+00 8.848354220390319824e-01
2.690422058105468750e+00 7.933596372604370117e-01
2.806205272674560547e+00 8.834485411643981934e-01
2.833529949188232422e+00 8.986812829971313477e-01
3.390269279479980469e+00 8.990416526794433594e-01
3.143017768859863281e+00 8.302416205406188965e-01
2.179274559020996094e+00 8.470411300659179688e-01
3.014009952545166016e+00 8.672882318496704102e-01
1.949578404426574707e+00 9.275598526000976562e-01
2.202224254608154297e+00 9.082077145576477051e-01
1.982952833175659180e+00 8.569965362548828125e-01
2.660828828811645508e+00 9.048350453376770020e-01
3.047915697097778320e+00 7.526933550834655762e-01
3.656544685363769531e+00 8.641023635864257812e-01
1.076572299003601074e+00 9.647189378738403320e-01
1.950748324394226074e+00 9.219824671745300293e-01
2.032857656478881836e+00 8.394120335578918457e-01
2.532060861587524414e+00 7.842732071876525879e-01
2.864846706390380859e+00 7.990773320198059082e-01
