4.883570671081542969e+00 2.135370671749114990e-02
4.559014797210693359e+00 2.563251554965972900e-01
5.393182754516601562e+00 2.686453759670257568e-01
5.215838909149169922e+00 3.510455787181854248e-01
4.343555927276611328e+00 3.416436314582824707e-01
4.914073467254638672e+00 3.733941018581390381e-01
4.587118148803710938e+00 4.128296077251434326e-01
4.699190616607666016e+00 4.505330026149749756e-01
3.736257076263427734e+00 4.827408492565155029e-01
3.771083354949951172e+00 4.591005444526672363e-01
2.975164175033569336e+00 5.519525408744812012e-01
2.948140144348144531e+00 4.609664082527160645e-01
3.196930885314941406e+00 4.017156660556793213e-01
2.513533353805541992e+00 5.044130682945251465e-01
2.388513088226318359e+00 5.814505219459533691e-01
3.836273670196533203e+00 5.774284601211547852e-01
1.951042056083679199e+00 5.081933140754699707e-01
3.232085466384887695e+00 4.200825691223144531e-01
2.678620815277099609e+00 4.900219440460205078e-01
3.034006595611572266e+00 4.771080017089843750e-01
3.065661430358886719e+00 3.622541725635528564e-01
2.874028921127319336e+00 4.668209254741668701e-01
2.271508455276489258e+00 4.800679385662078857e-01
2.748662710189819336e+00 5.211130976676940918e-01
2.198763847351074219e+00 5.472506880760192871e-01
2.365947246551513672e+00 5.111862421035766602e-01
2.761185407638549805e+00 5.012472867965698242e-01
2.412713527679443359e+00 5.027633309364318848e-01
2.528545379638671875e+00 5.071665048599243164e-01
2.370996952056884766e+00 4.252410829067230225e-01
3.511285781860351562e+00 4.091097414493560791e-01
2.807007074356079102e+00 4.569471478462219238e-01
3.050111055374145508e+00 4.092757701873779297e-01
1.827834367752075195e+00 4.906975328922271729e-01
1.893204808235168457e+00 4.734862446784973145e-01
2.697268724441528320e+00 4.469525516033172607e-01
2.454941034317016602e+00 4.739527702331542969e-01
2.368457317352294922e+00 4.712207019329071045e-01
1.677702784538269043e+00 4.909794926643371582e-01
2.229861974716186523e+00 4.200970828533172607e-01
2.230628490447998047e+00 4.837481975555419922e-01
2.357529640197753906e+00 4.909134805202484131e-01
1.904577016830444336e+00 4.620719552040100098e-01
2.806436061859130859e+00 4.223522841930389404e-01
3.019285678863525391e+00 4.583895802497863770e-01
1.910223245620727539e+00 4.534308910369873047e-01
3.175845623016357422e+00 3.987593948841094971e-01
2.656642675399780273e+00 3.883070647716522217e-01
1.716282010078430176e+00 4.481186866760253906e-01
1.339163899421691895e+00 3.951314687728881836e-01
3.238714456558227539e+00 2.859179079532623291e-01
2.079049348831176758e+00 4.411436617374420166e-01
2.264052391052246094e+00 4.144666790962219238e-01
1.517626047134399414e+00 4.115821421146392822e-01
2.981503486633300781e+00 2.891156673431396484e-01
2.175679206848144531e+00 3.944624364376068115e-01
2.631083250045776367e+00 3.659442067146301270e-01
1.368619918823242188e+00 4.426114261150360107e-01
1.949370503425598145e+00 3.876150250434875488e-01
2.031611680984497070e+00 4.211945533752441406e-01
3.043391227722167969e+00 2.904542982578277588e-01
2.257953166961669922e+00 3.648090362548828125e-01
2.309607744216918945e+00 3.671944439411163330e-01
1.994798421859741211e+00 3.797125816345214844e-01
1.475259423255920410e+00 3.988410532474517822e-01
1.819890618324279785e+00 3.820834159851074219e-01
1.951261281967163086e+00 3.297197818756103516e-01
1.855817914009094238e+00 3.910504877567291260e-01
1.892713546752929688e+00 3.464030921459197998e-01
1.159161448478698730e+00 3.681171834468841553e-01
2.573893547058105469e+00 3.474877774715423584e-01
1.544177651405334473e+00 4.135969281196594238e-01
2.140907764434814453e+00 4.061543941497802734e-01
1.843864321708679199e+00 3.174631297588348389e-01
3.018820047378540039e+00 3.215748369693756104e-01
1.252980828285217285e+00 3.974550962448120117e-01
2.379114866256713867e+00 3.264790475368499756e-01
1.347469091415405273e+00 3.996112942695617676e-01
2.973546028137207031e+00 3.517290651798248291e-01
1.593276739120483398e+00 3.313082158565521240e-01
3.226263523101806641e+00 2.767325341701507568e-01
1.103495478630065918e+00 3.959915339946746826e-01
2.379321098327636719e+00 3.543889522552490234e-01
1.595564603805541992e+00 3.997638821601867676e-01
2.039353132247924805e+00 3.551054000854492188e-01
3.567947864532470703e+00 3.267990648746490479e-01
2.653914928436279297e+00 2.983528971672058105e-01
1.571619749069213867e+00 4.255236089229583740e-01
1.715077280998229980e+00 4.452813267707824707e-01
2.072109460830688477e+00 4.504307210445404053e-01
1.520671248435974121e+00 4.302132725715637207e-01
2.550422191619873047e+00 3.616175353527069092e-01
1.970776796340942383e+00 3.115156590938568115e-01
1.695131063461303711e+00 4.319669902324676514e-01
8.835865855216979980e-01 3.994061648845672607e-01
1.103840112686157227e+00 3.934539854526519775e-01
2.141076326370239258e+00 4.250703454017639160e-01
2.545364141464233398e+00 3.691597878932952881e-01
1.223466873168945312e+00 3.698638975620269775e-01
1.997427701950073242e+00 4.337236583232879639e-01
