4.937894821166992188e+00 1.435814350843429565e-01
4.658395767211914062e+00 3.586120605468750000e-01
5.587552070617675781e+00 4.078700244426727295e-01
5.431490421295166016e+00 4.451594352722167969e-01
4.659235954284667969e+00 4.129951596260070801e-01
5.362781524658203125e+00 4.660524427890777588e-01
5.188357830047607422e+00 5.221118330955505371e-01
5.380917072296142578e+00 5.193188786506652832e-01
4.443449020385742188e+00 5.063654780387878418e-01
4.338213920593261719e+00 5.456519126892089844e-01
3.677759408950805664e+00 5.156440138816833496e-01
3.647518873214721680e+00 4.825514853000640869e-01
3.623109102249145508e+00 4.616327285766601562e-01
2.986365079879760742e+00 5.060002207756042480e-01
3.098335981369018555e+00 5.735867619514465332e-01
4.797173976898193359e+00 6.088485121726989746e-01
2.448148727416992188e+00 4.902891218662261963e-01
3.833735466003417969e+00 5.677043199539184570e-01
3.044862747192382812e+00 6.042380928993225098e-01
3.589884042739868164e+00 5.015807747840881348e-01
3.795955657958984375e+00 4.747968614101409912e-01
3.925153017044067383e+00 5.364465117454528809e-01
3.221786737442016602e+00 5.602269172668457031e-01
3.680872678756713867e+00 6.153694391250610352e-01
2.755262136459350586e+00 6.521065235137939453e-01
3.132956981658935547e+00 6.422238349914550781e-01
3.506479263305664062e+00 5.984472632408142090e-01
3.260639667510986328e+00 6.040378808975219727e-01
3.144185304641723633e+00 6.160823106765747070e-01
2.902944087982177734e+00 5.343317389488220215e-01
3.933799743652343750e+00 5.584284663200378418e-01
3.530662775039672852e+00 5.872664451599121094e-01
3.428887844085693359e+00 5.619504451751708984e-01
2.465670585632324219e+00 6.265276074409484863e-01
2.396831512451171875e+00 6.361326575279235840e-01
3.311548233032226562e+00 6.010248064994812012e-01
2.906201839447021484e+00 6.487137675285339355e-01
2.939157962799072266e+00 6.534453630447387695e-01
2.512083768844604492e+00 6.696712374687194824e-01
2.361407279968261719e+00 6.772046089172363281e-01
2.676810264587402344e+00 6.571857333183288574e-01
3.002193450927734375e+00 7.133526206016540527e-01
2.659904003143310547e+00 7.140135169029235840e-01
3.321327686309814453e+00 7.012326121330261230e-01
3.929403305053710938e+00 7.522765398025512695e-01
2.595633029937744141e+00 7.531422376632690430e-01
3.795017242431640625e+00 7.274417877197265625e-01
3.237998008728027344e+00 7.236934900283813477e-01
2.281415224075317383e+00 7.283350825309753418e-01
2.233314275741577148e+00 7.797080278396606445e-01
3.321993350982666016e+00 6.953706145286560059e-01
2.951907873153686523e+00 8.241500854492187500e-01
2.537859916687011719e+00 7.666504383087158203e-01
2.322259902954101562e+00 8.318662047386169434e-01
3.239907264709472656e+00 7.426094412803649902e-01
2.721089601516723633e+00 7.845140695571899414e-01
3.081383466720581055e+00 8.155509829521179199e-01
2.010347843170166016e+00 7.879862189292907715e-01
2.265666007995605469e+00 8.021149039268493652e-01
2.620738029479980469e+00 8.211283683776855469e-01
3.408464670181274414e+00 7.529178857803344727e-01
2.977190256118774414e+00 7.428188920021057129e-01
3.560770511627197266e+00 7.988625764846801758e-01
2.541123628616333008e+00 8.459925651550292969e-01
2.887715339660644531e+00 8.734958767890930176e-01
3.381008863449096680e+00 8.656608462333679199e-01
2.879116535186767578e+00 8.510751724243164062e-01
3.185621261596679688e+00 8.566220402717590332e-01
3.062517404556274414e+00 7.981095910072326660e-01
2.205748558044433594e+00 8.995435833930969238e-01
4.653964996337890625e+00 8.006414771080017090e-01
2.780085325241088867e+00 8.580625653266906738e-01
4.079337120056152344e+00 8.948785066604614258e-01
3.446324348449707031e+00 8.205630183219909668e-01
3.936646223068237305e+00 8.069893121719360352e-01
2.835244655609130859e+00 9.193593859672546387e-01
3.977893829345703125e+00 7.604252696037292480e-01
3.264887571334838867e+00 8.933274149894714355e-01
4.593268394470214844e+00 7.558640837669372559e-01
2.731081962585449219e+00 7.867844700813293457e-01
4.821903705596923828e+00 7.918543815612792969e-01
3.690523147583007812e+00 8.886910676956176758e-01
4.941367626190185547e+00 8.371652960777282715e-01
3.868891477584838867e+00 8.977006077766418457e-01
4.141195774078369141e+00 8.552253842353820801e-01
5.563799381256103516e+00 8.064743876457214355e-01
4.023110389709472656e+00 8.334566950798034668e-01
4.731205940246582031e+00 8.898143172264099121e-01
4.138821601867675781e+00 8.648275732994079590e-01
4.665231227874755859e+00 9.162234663963317871e-01
3.833634853363037109e+00 8.594017028808593750e-01
4.899590015411376953e+00 7.973474860191345215e-01
3.734958648681640625e+00 7.502382397651672363e-01
6.130138397216796875e+00 9.154717326164245605e-01
4.908092975616455078e+00 9.135835766792297363e-01
3.855684041976928711e+00 8.694557547569274902e-01
5.433832168579101562e+00 9.056938290596008301e-01
4.701069355010986328e+00 7.701189517974853516e-01
4.583109378814697266e+00 9.092960357666015625e-01
5.160664558410644531e+00 8.966604471206665039e-01
