5.066955089569091797e+00 3.108569979667663574e-01
4.066000938415527344e+00 3.138730227947235107e-01
5.526091575622558594e+00 3.139781355857849121e-01
4.307192325592041016e+00 3.502759039402008057e-01
5.137727260589599609e+00 3.604284226894378662e-01
3.622782468795776367e+00 4.377329945564270020e-01
4.128413200378417969e+00 4.767591059207916260e-01
3.832728624343872070e+00 5.024799704551696777e-01
3.111869812011718750e+00 5.253409743309020996e-01
3.375695943832397461e+00 4.610794186592102051e-01
3.421660184860229492e+00 4.367588162422180176e-01
1.559631586074829102e+00 5.068762302398681641e-01
2.555328845977783203e+00 5.246929526329040527e-01
3.315686941146850586e+00 5.924663543701171875e-01
2.167912006378173828e+00 5.769917368888854980e-01
2.847754716873168945e+00 5.268889665603637695e-01
2.649453401565551758e+00 5.538446307182312012e-01
3.006213426589965820e+00 5.596929788589477539e-01
1.729564189910888672e+00 6.229548454284667969e-01
1.630847573280334473e+00 5.648936629295349121e-01
2.072162151336669922e+00 5.714748501777648926e-01
1.916825771331787109e+00 6.015828251838684082e-01
2.712456226348876953e+00 5.562021136283874512e-01
2.365545272827148438e+00 5.723330378532409668e-01
1.846515178680419922e+00 5.755055546760559082e-01
2.003931999206542969e+00 5.532898902893066406e-01
1.757950305938720703e+00 5.956419110298156738e-01
2.345184564590454102e+00 5.198330879211425781e-01
2.215026855468750000e+00 5.103680491447448730e-01
2.083998441696166992e+00 5.592906475067138672e-01
2.744443893432617188e+00 5.632579922676086426e-01
2.108487367630004883e+00 5.350925326347351074e-01
2.640924930572509766e+00 5.135423541069030762e-01
2.298219919204711914e+00 5.341742634773254395e-01
2.635421037673950195e+00 5.244885087013244629e-01
2.052757978439331055e+00 5.436328649520874023e-01
2.357264757156372070e+00 5.344208478927612305e-01
2.607446432113647461e+00 5.253363251686096191e-01
1.375456690788269043e+00 5.200153589248657227e-01
3.466740846633911133e+00 4.766449928283691406e-01
1.065226912498474121e+00 5.986890196800231934e-01
1.693888545036315918e+00 5.869719982147216797e-01
2.176087379455566406e+00 4.960663020610809326e-01
2.343358516693115234e+00 5.533771514892578125e-01
1.649198889732360840e+00 5.863756537437438965e-01
1.899609327316284180e+00 5.369445681571960449e-01
1.870643138885498047e+00 4.680879712104797363e-01
2.284277439117431641e+00 5.020617246627807617e-01
1.551703572273254395e+00 5.574990510940551758e-01
1.736286401748657227e+00 5.073336958885192871e-01
1.591261744499206543e+00 5.318367481231689453e-01
2.606493473052978516e+00 4.553168416023254395e-01
1.637305378913879395e+00 4.983459413051605225e-01
1.441019892692565918e+00 4.924602508544921875e-01
1.327382206916809082e+00 4.395725727081298828e-01
3.036870479583740234e+00 4.873798489570617676e-01
3.308796644210815430e+00 4.408592283725738525e-01
2.228744983673095703e+00 5.034846663475036621e-01
1.728498339653015137e+00 5.454457402229309082e-01
1.360736370086669922e+00 5.711237192153930664e-01
1.603915333747863770e+00 5.480763316154479980e-01
2.148695707321166992e+00 4.597938656806945801e-01
1.394449591636657715e+00 5.177839398384094238e-01
1.859752893447875977e+00 5.429337620735168457e-01
1.848650574684143066e+00 4.557848870754241943e-01
3.074694871902465820e+00 4.312967360019683838e-01
2.102499008178710938e+00 5.403717160224914551e-01
1.074163436889648438e+00 5.328649282455444336e-01
2.978401899337768555e+00 4.815668761730194092e-01
1.552768349647521973e+00 5.373137593269348145e-01
1.575635790824890137e+00 5.221827030181884766e-01
1.608487606048583984e+00 5.933222174644470215e-01
1.391992449760437012e+00 4.654746651649475098e-01
2.099261760711669922e+00 4.593243598937988281e-01
1.218672275543212891e+00 4.618003070354461670e-01
1.340331673622131348e+00 5.084659457206726074e-01
1.215658307075500488e+00 5.618202090263366699e-01
1.719209551811218262e+00 5.026135444641113281e-01
1.644077181816101074e+00 5.321266651153564453e-01
2.234489917755126953e+00 4.908934533596038818e-01
2.261361360549926758e+00 4.614159762859344482e-01
1.389261007308959961e+00 4.912797510623931885e-01
1.236125469207763672e+00 4.641693532466888428e-01
1.537001848220825195e+00 5.525701045989990234e-01
1.835472464561462402e+00 4.483283460140228271e-01
2.533099174499511719e+00 4.132987558841705322e-01
2.589108943939208984e+00 5.151910185813903809e-01
1.585136175155639648e+00 4.783077239990234375e-01
1.180216550827026367e+00 5.148556232452392578e-01
2.104080677032470703e+00 4.889172613620758057e-01
2.092419862747192383e+00 4.592865109443664551e-01
2.809921741485595703e+00 3.680815100669860840e-01
9.509133100509643555e-01 4.424518048763275146e-01
2.105779170989990234e+00 4.158510267734527588e-01
1.453320503234863281e+00 4.886138141155242920e-01
1.244848608970642090e+00 5.077027678489685059e-01
1.849429965019226074e+00 5.288193821907043457e-01
2.477663516998291016e+00 4.336165487766265869e-01
2.352054119110107422e+00 4.661467969417572021e-01
1.798689126968383789e+00 4.365170598030090332e-01
